0
1
3
6
2
7
13
20
12
21
11
22
10
23
9
24
8
25
43
62
42
63
41
18
42
17
43
16
44
15
45
14
46
79
113
78
114
77
39
78
38
79
37
80
36
81
35
82
34
83
33
84
32
85
31
86
30
87
29
88
28
89
27
90
26
91
157
224
156
225
155
226
154
227
153
228
152
75
153
74
154
73
155
72
156
71
157
70
158
69
159
68
160
67
161
66
162
65
163
64
164
265
367
264
368
263
369
262
370
261
151
40
152
265
379
494
378
495
377
258
138
259
137
260
136
261
135
262
134
5
135
4
136
269
403
268
132
269
131
270
130
271
129
272
128
273
127
274
126
275
125
276
124
277
123
278
122
279
121
280
120
281
119
282
118
283
117
284
116
285
115
286
458
631
457
632
456
633
455
634
454
635
453
636
452
267
453
266
454
643
833
642
450
257
451
256
60
257
59
258
58
259
57
260
56
261
55
262
54
263
53
264
52
265
51
266
50
267
49
268
48
269
47
270
494
719
493
720
492
721
491
722
490
723
489
254
490
253
491
252
492
251
493
250
494
249
495
248
496
247
497
246
498
245
499
244
500
243
501
242
502
241
503
240
504
239
505
238
506
237
507
236
508
235
509
234
510
233
511
232
512
231
513
230
514
229
515
802
1090
801
1091
800
1092
799
1093
798
1094
797
1095
796
1096
795
1097
794
1098
793
487
180
488
179
489
178
490
177
491
176
492
175
493
174
494
173
495
172
496
171
497
170
498
169
499
168
500
167
501
166
502
165
503
842
1182
841
1183
840
1184
839
1185
838
1186
837
1187
836
484
837
483
838
482
839
481
840
480
841
479
842
478
843
477
110
478
109
479
108
480
107
481
106
482
105
483
104
484
103
485
102
486
101
487
100
488
99
489
98
490
97
491
96
492
95
493
94
494
93
495
92
496
901
1307
900
1308
899
1309
898
1310
897
1311
896
1312
895
1313
894
474
895
473
896
472
897
471
898
470
899
469
900
468
901
467
902
466
903
465
904
464
905
463
906
462
907
461
908
460
909
459
910
1362
1815
1361
1816
1360
1817
1359
1818
1358
1819
1357
1820
1356
891
425
892
424
893
423
894
422
895
421
896
420
897
419
898
418
899
417
900
416
901
415
902
414
903
413
904
412
905
411
906
410
907
409
908
408
909
407
910
406
911
405
912
404
913
1423
1934
1422
1935
1421
1936
1420
1937
1419
1938
1418
1939
1417
1940
1416
1941
1415
888
360
889
359
890
358
891
357
892
356
893
355
894
354
895
353
896
352
897
351
898
350
899
349
900
348
901
347
902
346
903
345
904
344
905
343
906
